28 4968
102 22
115 12
107 25
120 28
99 16
112 19
104 18
117 15
109 20
122 27
101 5
114 7
106 29
119 23
98 24
111 10
103 17
116 6
95 31
9601 4
108 8
121 21
100 14
113 30
105 9
118 26
97 11
110 13
4 12 32
7 5 33
4 8 34
5 7 35
9 13 36
4 23 37
4 16 38
4 22 39
4 6 40
4 19 41
4 24 42
11 8 43
9 6 44
5 14 45
10 7 46
36 17 47
4 14 48
11 6 49
34 10 50
10 15 51
11 7 52
8 21 53
4 20 54
13 6 55
4 17 56
8 5 57
17 18 58
26 5 59
9 16 60
10 13 61
38 10 62
4 33 63
12 12 64
4 18 65
4 5 66
12 6 67
11 13 68
37 5 69
25 5 70
58 6 71
32 9 72
32 6 73
4 13 74
33 64 75
11 24 76
11 16 77
15 6 78
10 19 79
48 75 80
32 18 81
5 16 82
14 5 83
5 6 84
10 6 85
39 44 86
11 9 87
8 14 88
50 10 89
72 27 90
15 13 91
11 21 92
34 9 93
50 59 94
16 18 95
43 53 96
5 13 97
11 12 98
40 18 99
8 8 100
90 5 101
89 25 102
51 88 103
43 8 104
4 7 105
46 6 106
40 79 107
9 7 108
4 55 109
69 52 110
26 35 111
9 71 112
20 5 113
4 11 114
6 35 115
44 5 116
8 46 117
56 33 118
10 23 119
5 5 120
17 5 121
15 7 122
62 117 123
15 8 124
93 70 125
41 35 126
33 14 127
39 8 128
62 20 129
5 11 130
82 6 131
7 60 132
40 7 133
32 10 134
11 55 135
118 49 136
11 19 137
49 35 138
32 15 139
108 6 140
77 25 141
7 10 142
32 20 143
61 5 144
9 22 145
4 46 146
22 131 147
9 17 148
4 43 149
37 103 150
12 5 151
143 104 152
126 147 153
49 115 154
56 10 155
76 57 156
36 5 157
38 78 158
4 29 159
15 5 160
39 76 161
48 5 162
54 11 163
60 5 164
161 132 165
10 20 166
6 18 167
37 46 168
42 8 169
87 8 170
16 5 171
15 12 172
10 14 173
15 43 174
12 10 175
66 28 176
22 106 177
15 20 178
23 5 179
9 61 180
9 12 181
51 71 182
6 57 183
4 91 184
83 127 185
22 6 186
13 14 187
63 6 188
63 96 189
34 44 190
154 47 191
146 185 192
74 164 193
11 14 194
190 183 195
33 6 196
4 144 197
42 130 198
9 19 199
14 35 200
51 58 201
36 25 202
198 78 203
128 191 204
26 9 205
4 52 206
134 186 207
13 17 208
9 43 209
4 10 210
34 52 211
145 124 212
203 212 213
10 33 214
18 35 215
69 100 216
32 25 217
38 18 218
4 28 219
4 30 220
42 141 221
129 177 222
9 20 223
50 208 224
36 6 225
74 5 226
4 172 227
54 15 228
81 106 229
158 5 230
32 179 231
19 35 232
222 156 233
54 138 234
6 15 235
49 5 236
42 182 237
168 25 238
9 113 239
7 11 240
5 68 241
44 21 242
87 67 243
42 15 244
42 44 245
81 140 246
4 25 247
234 209 248
211 121 249
105 91 250
37 243 251
32 120 252
5 23 253
38 11 254
231 138 255
56 85 256
32 8 257
26 45 258
34 97 259
228 95 260
120 8 261
259 17 262
262 167 263
51 187 264
159 241 265
41 122 266
149 175 267
59 13 268
45 9 269
5 8 270
9 100 271
9 45 272
51 12 273
54 10 274
41 84 275
6 21 276
5 59 277
8 157 278
99 202 279
38 103 280
275 116 281
5 33 282
95 98 283
73 21 284
56 84 285
32 57 286
9 58 287
266 283 288
41 196 289
4 36 290
174 242 291
66 268 292
269 178 293
5 67 294
220 291 295
4 21 296
42 10 297
54 293 298
9 14 299
39 261 300
4 68 301
97 14 302
217 140 303
205 253 304
162 12 305
114 14 306
38 8 307
289 276 308
42 148 309
34 5 310
188 170 311
68 14 312
311 35 313
63 304 314
15 96 315
70 6 316
41 135 317
36 14 318
34 24 319
163 70 320
9 59 321
37 135 322
52 14 323
133 272 324
247 13 325
41 60 326
37 18 327
137 5 328
73 214 329
9 83 330
286 277 331
129 19 332
20 35 333
227 315 334
137 19 335
37 92 336
155 173 337
73 7 338
41 10 339
122 13 340
66 111 341
41 142 342
40 112 343
65 287 344
32 19 345
148 13 346
5 111 347
163 83 348
46 20 349
181 18 350
87 7 351
206 20 352
6 61 353
305 346 354
93 71 355
139 232 356
51 6 357
188 340 358
73 271 359
169 141 360
82 25 361
284 57 362
4 70 363
7 9 364
4 77 365
105 112 366
66 13 367
326 235 368
41 8 369
133 160 370
4 61 371
48 84 372
5 19 373
371 278 374
17 17 375
85 215 376
341 21 377
41 9 378
43 5 379
139 20 380
18 47 381
22 282 382
210 111 383
372 170 384
380 333 385
133 21 386
26 21 387
226 45 388
110 47 389
5 20 390
22 36 391
39 104 392
5 52 393
288 45 394
274 83 395
119 347 396
65 396 397
40 239 398
85 6 399
327 116 400
41 132 401
11 67 402
12 61 403
162 391 404
367 201 405
77 5 406
42 7 407
395 8 408
153 53 409
65 10 410
32 379 411
82 5 412
15 100 413
401 5 414
103 35 415
16 166 416
124 52 417
126 403 418
41 7 419
42 78 420
404 116 421
332 8 422
81 119 423
48 7 424
54 92 425
128 119 426
74 349 427
399 166 428
244 67 429
81 415 430
42 173 431
42 428 432
38 98 433
66 98 434
77 316 435
15 16 436
421 53 437
342 24 438
74 361 439
63 17 440
11 23 441
142 55 442
196 95 443
39 442 444
32 5 445
37 98 446
6 45 447
102 45 448
99 201 449
159 435 450
73 443 451
49 18 452
169 160 453
72 83 454
105 10 455
50 258 456
42 84 457
33 11 458
81 328 459
48 181 460
39 108 461
54 68 462
457 115 463
270 6 464
19 19 465
368 33 466
218 294 467
363 373 468
461 67 469
89 151 470
6 47 471
378 412 472
176 6 473
63 171 474
24 5 475
155 47 476
23 92 477
244 21 478
431 21 479
38 61 480
420 353 481
10 8 482
416 20 483
176 19 484
48 92 485
51 151 486
41 18 487
154 13 488
48 145 489
41 351 490
146 200 491
168 13 492
99 36 493
25 45 494
85 10 495
34 36 496
65 199 497
236 53 498
41 488 499
15 33 500
306 14 501
50 6 502
52 6 503
206 264 504
60 25 505
99 182 506
63 483 507
507 302 508
239 55 509
22 22 510
422 509 511
5 53 512
487 495 513
440 417 514
102 47 515
21 19 516
13 5 517
462 21 518
39 318 519
184 200 520
40 11 521
44 18 522
113 55 523
252 20 524
34 92 525
446 18 526
322 45 527
4 79 528
32 13 529
5 100 530
37 522 531
94 53 532
121 273 533
32 441 534
56 46 535
5 55 536
535 533 537
20 84 538
4 26 539
220 15 540
68 25 541
40 516 542
40 23 543
17 35 544
433 174 545
87 14 546
11 33 547
419 225 548
22 124 549
531 357 550
111 12 551
169 486 552
167 47 553
4 223 554
42 240 555
489 382 556
257 112 557
4 15 558
41 33 559
69 55 560
12 19 561
37 350 562
139 33 563
217 36 564
4 76 565
39 264 566
37 52 567
134 538 568
4 551 569
37 214 570
32 92 571
49 215 572
314 35 573
375 47 574
65 335 575
5 12 576
38 122 577
28 21 578
297 85 579
22 21 580
301 21 581
20 9 582
39 91 583
114 465 584
474 9 585
77 6 586
10 225 587
36 171 588
69 112 589
460 335 590
65 44 591
76 53 592
20 10 593
68 121 594
74 85 595
9 24 596
11 64 597
590 587 598
99 47 599
484 131 600
20 11 601
32 588 602
8 78 603
556 55 604
56 8 605
65 79 606
427 96 607
26 46 608
56 321 609
129 580 610
585 258 611
12 9 612
175 603 613
565 613 614
227 174 615
41 57 616
50 23 617
32 23 618
68 17 619
30 160 620
65 130 621
4 9 622
383 104 623
11 121 624
33 5 625
224 35 626
39 11 627
10 10 628
614 512 629
455 166 630
37 7 631
310 574 632
540 116 633
41 503 634
12 18 635
63 14 636
52 25 637
557 53 638
65 15 639
23 18 640
37 11 641
193 53 642
86 447 643
184 9 644
6 180 645
99 505 646
118 97 647
37 330 648
543 10 649
40 104 650
7 47 651
567 20 652
13 21 653
39 464 654
54 112 655
301 376 656
9 151 657
66 20 658
57 64 659
81 5 660
40 541 661
520 517 662
15 67 663
662 452 664
48 82 665
25 47 666
114 458 667
644 620 668
56 7 669
13 171 670
434 21 671
77 18 672
40 120 673
9 57 674
34 406 675
11 17 676
19 57 677
16 316 678
4 27 679
10 12 680
66 187 681
339 678 682
641 44 683
473 240 684
438 592 685
575 21 686
297 578 687
593 67 688
106 18 689
9 5 690
134 113 691
149 688 692
39 413 693
296 393 694
288 5 695
365 235 696
696 96 697
19 45 698
41 413 699
525 35 700
65 390 701
568 381 702
325 120 703
90 47 704
184 177 705
98 61 706
705 91 707
41 78 708
4 376 709
119 13 710
57 6 711
521 70 712
9 96 713
660 35 714
178 19 715
114 17 716
25 21 717
310 17 718
37 689 719
679 199 720
49 45 721
19 6 722
74 11 723
152 35 724
42 98 725
707 498 726
44 180 727
9 53 728
38 7 729
80 45 730
426 21 731
39 157 732
39 148 733
605 194 734
27 21 735
569 49 736
424 328 737
194 21 738
48 637 739
37 36 740
49 180 741
627 608 742
66 8 743
477 12 744
60 96 745
564 653 746
62 113 747
44 95 748
15 510 749
27 47 750
13 47 751
57 20 752
9 35 753
32 546 754
229 35 755
49 95 756
438 752 757
284 8 758
382 670 759
296 84 760
65 619 761
257 223 762
9 200 763
742 116 764
598 45 765
299 45 766
32 122 767
254 582 768
345 651 769
40 6 770
149 744 771
40 5 772
38 323 773
15 17 774
377 553 775
114 601 776
48 97 777
20 47 778
658 24 779
30 15 780
72 8 781
90 45 782
14 47 783
736 674 784
54 299 785
62 111 786
66 561 787
777 223 788
306 46 789
723 387 790
37 10 791
767 19 792
425 475 793
64 160 794
211 544 795
789 156 796
665 766 797
63 759 798
93 494 799
179 112 800
733 500 801
9 8 802
439 278 803
779 142 804
776 750 805
639 121 806
257 199 807
42 5 808
635 140 809
176 171 810
41 202 811
11 36 812
622 794 813
32 194 814
51 7 815
99 7 816
787 82 817
254 113 818
307 85 819
817 713 820
434 728 821
529 774 822
307 597 823
4 59 824
11 59 825
62 482 826
358 45 827
32 16 828
4 225 829
34 157 830
118 21 831
528 97 832
91 60 833
62 49 834
325 119 835
290 95 836
325 44 837
355 800 838
42 294 839
247 318 840
524 12 841
148 68 842
621 387 843
49 6 844
39 390 845
7 21 846
773 842 847
338 137 848
290 67 849
130 20 850
9 67 851
34 130 852
40 833 853
37 61 854
845 36 855
219 28 856
62 6 857
740 115 858
10 151 859
628 25 860
44 45 861
427 43 862
61 17 863
410 57 864
26 47 865
857 353 866
40 46 867
139 24 868
4 357 869
855 157 870
128 49 871
854 200 872
368 127 873
618 47 874
176 16 875
39 240 876
16 25 877
616 98 878
4 205 879
42 464 880
11 375 881
15 19 882
116 20 883
4 883 884
33 113 885
402 60 886
142 64 887
40 860 888
473 885 889
600 45 890
51 95 891
48 14 892
358 47 893
72 20 894
536 180 895
124 6 896
577 387 897
44 215 898
27 45 899
867 175 900
804 763 901
86 471 902
42 194 903
40 690 904
22 8 905
889 53 906
876 113 907
901 21 908
10 57 909
12 330 910
23 323 911
558 19 912
542 5 913
213 53 914
149 167 915
39 10 916
162 8 917
542 745 918
496 47 919
226 111 920
4 156 921
915 201 922
307 680 923
69 5 924
875 861 925
7 181 926
37 45 927
139 44 928
344 53 929
13 35 930
407 312 931
219 8 932
65 5 933
40 173 934
792 926 935
5 127 936
496 45 937
606 5 938
369 68 939
41 5 940
934 92 941
21 5 942
68 171 943
4 844 944
338 199 945
226 23 946
581 553 947
526 45 948
424 21 949
65 261 950
290 16 951
22 44 952
66 898 953
63 194 954
24 7 955
691 144 956
235 33 957
38 57 958
423 13 959
445 706 960
65 323 961
10 17 962
32 850 963
9 33 964
210 510 965
206 364 966
218 130 967
872 549 968
60 43 969
369 406 970
458 20 971
23 657 972
720 232 973
681 45 974
407 112 975
176 586 976
386 47 977
39 46 978
149 33 979
34 402 980
979 738 981
729 79 982
69 572 983
38 46 984
61 14 985
63 43 986
228 67 987
12 15 988
388 45 989
134 88 990
24 57 991
716 625 992
967 19 993
114 26 994
451 21 995
772 28 996
669 92 997
51 55 998
54 9 999
142 475 1000
42 270 1001
74 112 1002
824 67 1003
480 612 1004
114 23 1005
14 92 1006
988 44 1007
39 530 1008
10 127 1009
966 258 1010
905 191 1011
323 1000 1012
976 53 1013
606 47 1014
37 1012 1015
709 972 1016
108 8 1017
205 273 1018
40 891 1019
378 8 1020
42 124 1021
16 43 1022
25 57 1023
65 815 1024
584 393 1025
39 7 1026
631 202 1027
108 14 1028
36 96 1029
301 1023 1030
62 735 1031
48 160 1032
130 14 1033
55 18 1034
22 35 1035
66 942 1036
73 52 1037
184 1011 1038
128 547 1039
210 25 1040
302 47 1041
41 87 1042
42 881 1043
365 887 1044
4 748 1045
1020 16 1046
814 53 1047
146 594 1048
87 71 1049
65 85 1050
114 477 1051
65 270 1052
282 67 1053
829 1053 1054
40 809 1055
24 312 1056
338 1049 1057
54 895 1058
50 1022 1059
105 68 1060
758 350 1061
436 25 1062
917 60 1063
852 67 1064
133 68 1065
39 349 1066
410 88 1067
81 7 1068
66 57 1069
27 5 1070
43 22 1071
1046 142 1072
40 194 1073
105 572 1074
468 47 1075
823 60 1076
32 82 1077
285 471 1078
42 142 1079
879 955 1080
97 12 1081
1080 135 1082
9 70 1083
819 18 1084
176 95 1085
530 119 1086
709 12 1087
640 282 1088
558 151 1089
369 172 1090
41 264 1091
56 97 1092
62 55 1093
36 21 1094
347 43 1095
32 1095 1096
65 312 1097
73 91 1098
11 15 1099
935 45 1100
4 173 1101
162 19 1102
62 88 1103
345 82 1104
365 171 1105
1063 236 1106
363 722 1107
595 381 1108
56 1017 1109
383 612 1110
9 273 1111
1043 21 1112
1092 35 1113
145 22 1114
517 64 1115
296 1086 1116
48 240 1117
105 166 1118
945 5 1119
630 21 1120
1101 14 1121
6 5 1122
894 677 1123
596 53 1124
569 180 1125
8 299 1126
994 170 1127
927 783 1128
99 287 1129
49 47 1130
54 5 1131
1098 751 1132
491 47 1133
17 13 1134
559 1035 1135
274 1034 1136
332 711 1137
4 98 1138
8 45 1139
166 68 1140
725 45 1141
579 21 1142
124 273 1143
84 215 1144
135 53 1145
39 52 1146
501 727 1147
32 312 1148
40 85 1149
1065 12 1150
1127 156 1151
159 715 1152
49 321 1153
32 44 1154
1045 21 1155
106 180 1156
37 1140 1157
554 20 1158
1042 127 1159
982 698 1160
1052 19 1161
951 127 1162
139 465 1163
62 8 1164
1110 899 1165
12 35 1166
238 45 1167
1077 985 1168
996 957 1169
309 544 1170
35 13 1171
559 1018 1172
568 239 1173
91 17 1174
18 909 1175
743 886 1176
1158 269 1177
9 865 1178
137 57 1179
478 47 1180
13 361 1181
343 12 1182
73 1179 1183
100 52 1184
1152 1007 1185
849 1033 1186
577 59 1187
254 33 1188
1173 12 1189
63 706 1190
524 45 1191
1177 498 1192
69 1028 1193
869 952 1194
159 663 1195
39 586 1196
129 24 1197
7 272 1198
596 57 1199
1104 209 1200
307 859 1201
307 47 1202
163 666 1203
31 31 1204
1148 43 1205
55 53 1206
54 36 1207
11 225 1208
608 21 1209
54 157 1210
1058 45 1211
91 95 1212
40 1094 1213
7 79 1214
28 45 1215
8 52 1216
618 223 1217
364 302 1218
429 21 1219
344 35 1220
73 312 1221
554 19 1222
20 45 1223
1137 512 1224
1004 200 1225
73 748 1226
114 20 1227
339 225 1228
257 44 1229
622 1209 1230
1149 96 1231
22 5 1232
63 8 1233
7 436 1234
62 1184 1235
1069 17 1236
743 151 1237
294 35 1238
120 19 1239
8 1083 1240
868 67 1241
65 330 1242
7 43 1243
175 113 1244
39 68 1245
816 119 1246
480 67 1247
4 330 1248
39 117 1249
52 21 1250
6 97 1251
73 1114 1252
73 92 1253
84 18 1254
42 33 1255
617 35 1256
39 351 1257
452 711 1258
105 749 1259
1258 60 1260
352 1175 1261
1150 727 1262
725 60 1263
274 59 1264
19 47 1265
78 1243 1266
41 52 1267
54 318 1268
305 16 1269
210 186 1270
105 60 1271
63 67 1272
1270 97 1273
11 27 1274
9 88 1275
65 1071 1276
325 253 1277
33 194 1278
168 1198 1279
38 51 1280
7 119 1281
226 1266 1282
1084 576 1283
1079 194 1284
1054 47 1285
38 971 1286
940 79 1287
72 582 1288
32 253 1289
1288 1216 1290
1287 57 1291
24 35 1292
81 11 1293
42 271 1294
17 8 1295
1162 1124 1296
54 756 1297
15 83 1298
38 33 1299
436 6 1300
1214 364 1301
422 1208 1302
114 179 1303
762 778 1304
700 47 1305
227 45 1306
40 35 1307
16 98 1308
1303 1244 1309
59 55 1310
11 127 1311
1241 135 1312
39 1029 1313
99 541 1314
342 14 1315
1295 597 1316
407 710 1317
38 52 1318
958 68 1319
924 25 1320
455 100 1321
1024 1316 1322
338 436 1323
4 1260 1324
1117 23 1325
1027 57 1326
819 381 1327
345 85 1328
1227 998 1329
40 61 1330
445 578 1331
547 53 1332
54 85 1333
40 122 1334
791 482 1335
4 351 1336
210 16 1337
1312 209 1338
187 35 1339
8 406 1340
28 6 1341
279 47 1342
205 35 1343
231 49 1344
48 1239 1345
42 178 1346
290 910 1347
33 16 1348
105 596 1349
1271 18 1350
923 84 1351
10 877 1352
56 825 1353
631 863 1354
54 170 1355
80 21 1356
121 67 1357
256 1251 1358
1021 717 1359
25 911 1360
446 381 1361
41 79 1362
1236 135 1363
496 97 1364
1005 1360 1365
37 43 1366
40 33 1367
1315 1300 1368
1301 236 1369
410 113 1370
134 61 1371
97 171 1372
4 45 1373
1025 12 1374
76 21 1375
226 1341 1376
104 119 1377
16 10 1378
1280 677 1379
1259 57 1380
868 183 1381
554 676 1382
40 530 1383
41 373 1384
251 45 1385
13 242 1386
36 45 1387
10 21 1388
42 312 1389
14 21 1390
99 1278 1391
528 645 1392
8 178 1393
1195 164 1394
49 122 1395
234 1386 1396
133 15 1397
52 1281 1398
310 186 1399
254 15 1400
235 127 1401
419 79 1402
137 45 1403
70 187 1404
52 53 1405
1308 180 1406
912 232 1407
338 594 1408
1274 35 1409
84 1122 1410
40 536 1411
169 1409 1412
1384 1393 1413
1118 232 1414
29 663 1415
640 49 1416
384 47 1417
1337 1406 1418
924 1404 1419
20 21 1420
559 1134 1421
38 882 1422
1102 1041 1423
691 1416 1424
74 1398 1425
810 722 1426
646 35 1427
42 1375 1428
781 25 1429
34 738 1430
41 402 1431
445 1254 1432
549 53 1433
66 22 1434
42 82 1435
680 45 1436
426 35 1437
18 137 1438
1432 7 1439
584 1369 1440
14 57 1441
98 18 1442
8 57 1443
433 5 1444
1248 11 1445
1085 594 1446
978 911 1447
828 7 1448
38 749 1449
65 576 1450
306 1415 1451
1450 44 1452
210 88 1453
11 20 1454
581 477 1455
54 241 1456
126 1438 1457
8 47 1458
1267 276 1459
296 576 1460
66 1310 1461
74 1298 1462
962 1144 1463
878 45 1464
1457 12 1465
244 1275 1466
65 1174 1467
715 21 1468
162 43 1469
1249 43 1470
89 1166 1471
266 677 1472
600 47 1473
521 17 1474
785 1441 1475
67 53 1476
10 59 1477
1333 145 1478
1105 55 1479
1257 53 1480
965 164 1481
739 35 1482
163 277 1483
41 97 1484
1068 202 1485
32 106 1486
1439 201 1487
4 108 1488
377 1088 1489
823 21 1490
501 45 1491
49 500 1492
1344 809 1493
916 85 1494
650 35 1495
436 494 1496
480 16 1497
36 180 1498
218 60 1499
528 1498 1500
161 1143 1501
149 863 1502
81 10 1503
10 24 1504
1397 53 1505
97 45 1506
978 17 1507
131 180 1508
178 1420 1509
431 164 1510
300 47 1511
93 59 1512
40 1463 1513
621 1343 1514
42 1332 1515
999 64 1516
542 969 1517
105 15 1518
99 625 1519
364 151 1520
56 144 1521
1233 11 1522
24 45 1523
95 10 1524
339 46 1525
114 22 1526
439 1340 1527
1164 1009 1528
581 144 1529
60 45 1530
210 24 1531
56 9 1532
40 302 1533
157 64 1534
616 49 1535
364 67 1536
155 88 1537
144 21 1538
1382 157 1539
9 277 1540
39 135 1541
65 46 1542
595 1530 1543
172 1056 1544
251 1056 1545
65 1544 1546
19 21 1547
699 45 1548
40 340 1549
41 141 1550
1448 756 1551
1081 321 1552
51 991 1553
218 52 1554
327 909 1555
184 659 1556
105 657 1557
130 55 1558
365 16 1559
54 1558 1560
1541 886 1561
19 8 1562
7 586 1563
954 47 1564
634 60 1565
52 523 1566
445 97 1567
423 47 1568
420 6 1569
1565 417 1570
1247 1234 1571
146 148 1572
810 1443 1573
12 20 1574
1226 47 1575
1001 53 1576
595 164 1577
68 544 1578
128 154 1579
56 160 1580
139 17 1581
41 92 1582
39 5 1583
40 1509 1584
42 1212 1585
1126 92 1586
410 1586 1587
1581 1357 1588
786 624 1589
529 676 1590
310 572 1591
56 137 1592
39 9 1593
1289 13 1594
16 21 1595
758 47 1596
34 84 1597
1573 55 1598
48 36 1599
1497 1171 1600
986 9 1601
808 672 1602
25 35 1603
1294 119 1604
22 60 1605
355 35 1606
40 170 1607
81 79 1608
17 7 1609
15 28 1610
1293 83 1611
297 21 1612
489 1605 1613
1599 930 1614
145 6 1615
640 270 1616
73 505 1617
339 53 1618
1580 64 1619
1113 96 1620
878 5 1621
416 177 1622
250 751 1623
339 64 1624
339 67 1625
172 18 1626
1202 21 1627
933 112 1628
289 6 1629
163 28 1630
1551 21 1631
1001 1540 1632
1522 1215 1633
1421 135 1634
41 1156 1635
218 943 1636
37 763 1637
63 20 1638
605 1477 1639
38 240 1640
42 16 1641
7 199 1642
1026 1468 1643
1400 71 1644
1613 896 1645
40 1496 1646
63 780 1647
669 76 1648
41 271 1649
48 144 1650
32 141 1651
69 24 1652
179 52 1653
42 676 1654
16 645 1655
128 441 1656
78 5 1657
292 47 1658
85 18 1659
4 1377 1660
199 698 1661
1336 21 1662
39 1218 1663
129 523 1664
32 84 1665
184 1622 1666
1507 1178 1667
1373 121 1668
1099 71 1669
54 896 1670
539 482 1671
519 47 1672
149 115 1673
32 35 1674
1669 35 1675
236 12 1676
1269 1642 1677
35 6 1678
83 13 1679
539 52 1680
19 53 1681
74 1395 1682
802 242 1683
716 10 1684
65 486 1685
327 223 1686
48 1675 1687
1630 9 1688
484 1552 1689
55 21 1690
364 991 1691
768 175 1692
105 299 1693
24 78 1694
383 1616 1695
54 1538 1696
984 43 1697
48 851 1698
539 181 1699
1677 645 1700
134 1126 1701
41 393 1702
616 1690 1703
894 1681 1704
48 85 1705
10 16 1706
51 1410 1707
377 144 1708
114 64 1709
15 127 1710
1692 57 1711
286 1339 1712
781 18 1713
41 36 1714
166 672 1715
639 17 1716
363 5 1717
402 5 1718
73 1715 1719
1629 753 1720
1607 1009 1721
792 1520 1722
149 157 1723
1717 232 1724
1713 1707 1725
73 1352 1726
93 1232 1727
10 46 1728
75 45 1729
218 361 1730
306 214 1731
37 119 1732
339 8 1733
621 14 1734
66 6 1735
91 25 1736
345 8 1737
32 302 1738
12 21 1739
1574 104 1740
1323 1401 1741
1085 619 1742
595 5 1743
467 45 1744
105 264 1745
39 6 1746
1735 16 1747
19 116 1748
1503 5 1749
927 121 1750
826 35 1751
305 1748 1752
1682 43 1753
1563 321 1754
369 812 1755
11 601 1756
369 546 1757
288 47 1758
133 223 1759
1652 12 1760
350 45 1761
1760 116 1762
1532 268 1763
1334 183 1764
5 43 1765
1225 47 1766
529 137 1767
73 236 1768
87 117 1769
8 59 1770
19 645 1771
1488 61 1772
1367 187 1773
296 1238 1774
46 21 1775
63 19 1776
159 5 1777
66 55 1778
1666 156 1779
56 1566 1780
1255 452 1781
781 717 1782
91 121 1783
38 104 1784
80 47 1785
114 111 1786
24 141 1787
1774 1006 1788
40 1769 1789
271 45 1790
1572 1029 1791
198 783 1792
761 47 1793
598 47 1794
540 505 1795
40 144 1796
9 121 1797
13 45 1798
9 127 1799
42 57 1800
474 1206 1801
832 47 1802
210 18 1803
10 113 1804
1484 16 1805
874 21 1806
577 33 1807
445 55 1808
1805 802 1809
52 22 1810
810 1771 1811
15 14 1812
16 57 1813
339 10 1814
21 20 1815
984 14 1816
48 710 1817
37 138 1818
41 98 1819
1786 624 1820
231 84 1821
1618 1238 1822
95 47 1823
54 52 1824
539 1181 1825
48 971 1826
916 88 1827
36 741 1828
414 21 1829
73 79 1830
41 61 1831
828 1810 1832
218 10 1833
42 122 1834
1678 812 1835
79 1547 1836
1526 7 1837
1163 106 1838
1837 546 1839
459 659 1840
631 137 1841
219 561 1842
426 47 1843
135 60 1844
9 236 1845
42 530 1846
240 67 1847
658 19 1848
1207 1657 1849
1402 1156 1850
1204 1204 1851
525 936 1852
133 825 1853
520 67 1854
672 45 1855
1217 778 1856
377 1006 1857
940 672 1858
54 173 1859
1093 1847 1860
290 12 1861
11 26 1862
59 127 1863
10 111 1864
65 1578 1865
22 1218 1866
332 57 1867
73 721 1868
474 321 1869
365 6 1870
1197 1828 1871
1479 15 1872
1040 92 1873
543 164 1874
42 376 1875
297 18 1876
42 46 1877
23 243 1878
1638 318 1879
1131 98 1880
54 672 1881
41 379 1882
44 321 1883
74 178 1884
1881 157 1885
47 53 1886
10 25 1887
42 49 1888
73 503 1889
274 64 1890
1778 964 1891
38 137 1892
1348 6 1893
134 628 1894
601 83 1895
63 593 1896
451 45 1897
4 35 1898
41 68 1899
54 172 1900
1435 1804 1901
1764 1181 1902
1163 1436 1903
48 52 1904
354 35 1905
184 172 1906
15 113 1907
38 1835 1908
32 1508 1909
1264 523 1910
32 780 1911
407 47 1912
69 287 1913
158 35 1914
129 47 1915
63 59 1916
199 57 1917
1831 1524 1918
1604 21 1919
1550 624 1920
1452 135 1921
1434 147 1922
1318 846 1923
1255 402 1924
60 1143 1925
816 201 1926
567 333 1927
1926 357 1928
78 45 1929
808 1797 1930
114 55 1931
824 1770 1932
219 1740 1933
65 144 1934
9 68 1935
1640 735 1936
43 57 1937
24 8 1938
40 1062 1939
556 670 1940
41 11 1941
1916 43 1942
97 5 1943
36 10 1944
39 1372 1945
9 27 1946
343 35 1947
1693 1925 1948
19 503 1949
1068 1736 1950
1680 9 1951
1583 1492 1952
606 45 1953
326 494 1954
48 9 1955
56 43 1956
48 10 1957
226 52 1958
584 1348 1959
93 67 1960
140 21 1961
1670 1917 1962
1906 174 1963
816 1790 1964
1777 179 1965
944 1754 1966
145 60 1967
1647 964 1968
1593 28 1969
81 1403 1970
1314 12 1971
184 1240 1972
1105 64 1973
38 887 1974
383 53 1975
62 23 1976
1932 6 1977
10 61 1978
1833 164 1979
851 60 1980
168 846 1981
712 13 1982
354 45 1983
54 166 1984
125 53 1985
92 61 1986
984 1893 1987
1188 549 1988
199 1265 1989
327 1144 1990
218 594 1991
39 194 1992
10 657 1993
257 1836 1994
460 16 1995
9 185 1996
39 36 1997
869 910 1998
521 666 1999
595 45 2000
203 21 2001
804 1996 2002
999 28 2003
15 375 2004
42 625 2005
225 624 2006
222 592 2007
290 44 2008
251 278 2009
65 236 2010
226 17 2011
1965 8 2012
1898 7 2013
151 21 2014
1612 1866 2015
1118 1844 2016
1800 187 2017
1571 645 2018
274 1476 2019
1321 45 2020
19 44 2021
1197 10 2022
1113 273 2023
34 1062 2024
273 35 2025
38 36 2026
952 471 2027
2011 1153 2028
54 84 2029
216 1895 2030
1269 364 2031
35 96 2032
878 1145 2033
190 2032 2034
42 458 2035
296 51 2036
297 28 2037
133 2025 2038
74 60 2039
539 2006 2040
20 98 2041
54 1929 2042
1899 270 2043
40 68 2044
1323 957 2045
218 859 2046
848 659 2047
38 536 2048
252 47 2049
217 223 2050
210 8 2051
42 119 2052
42 715 2053
35 2014 2054
1941 29 2055
944 1855 2056
390 19 2057
38 49 2058
297 1504 2059
912 61 2060
286 373 2061
42 172 2062
37 157 2063
54 8 2064
12 178 2065
206 6 2066
780 1993 2067
218 1944 2068
935 1886 2069
143 10 2070
42 61 2071
1021 25 2072
699 47 2073
41 546 2074
440 196 2075
32 393 2076
48 236 2077
41 85 2078
39 57 2079
2055 1756 2080
62 67 2081
133 199 2082
32 91 2083
105 1986 2084
1880 500 2085
1878 45 2086
74 61 2087
1695 778 2088
218 1536 2089
39 33 2090
944 895 2091
65 299 2092
290 14 2093
149 144 2094
50 67 2095
1334 2067 2096
159 2054 2097
2051 321 2098
2039 35 2099
32 11 2100
1815 538 2101
1307 1691 2102
1366 25 2103
56 1178 2104
32 1041 2105
1795 53 2106
1768 523 2107
1111 53 2108
968 53 2109
892 14 2110
879 475 2111
41 749 2112
256 10 2113
34 138 2114
2089 2041 2115
2013 312 2116
1888 381 2117
62 1863 2118
50 1783 2119
543 851 2120
808 18 2121
539 77 2122
16 417 2123
128 351 2124
54 45 2125
808 17 2126
34 11 2127
1005 549 2128
2008 713 2129
223 1739 2130
1434 177 2131
128 2130 2132
493 930 2133
149 6 2134
39 625 2135
369 92 2136
68 83 2137
2005 735 2138
85 95 2139
163 36 2140
1807 1206 2141
1570 53 2142
1559 122 2143
701 1223 2144
1027 1139 2145
4 896 2146
856 561 2147
4 710 2148
423 45 2149
40 272 2150
81 85 2151
424 79 2152
2065 333 2153
1349 24 2154
1608 1265 2155
1600 45 2156
1451 156 2157
332 1311 2158
1217 1007 2159
781 111 2160
342 205 2161
50 151 2162
105 141 2163
455 151 2164
2026 95 2165
23 36 2166
352 2021 2167
42 43 2168
1549 45 2169
286 5 2170
66 1405 2171
951 8 2172
521 882 2173
772 43 2174
429 45 2175
137 35 2176
2121 318 2177
133 1553 2178
1402 35 2179
198 14 2180
1154 12 2181
38 1071 2182
1026 92 2183
852 59 2184
412 64 2185
10 299 2186
2122 741 2187
2101 132 2188
1867 523 2189
1862 624 2190
958 2190 2191
571 47 2192
445 100 2193
339 12 2194
39 15 2195
7 61 2196
40 10 2197
2070 1659 2198
1992 45 2199
1959 1845 2200
1934 1476 2201
40 1718 2202
48 1553 2203
1531 1018 2204
1442 180 2205
581 1088 2206
975 35 2207
923 500 2208
331 659 2209
65 351 2210
73 144 2211
73 122 2212
2166 115 2213
2012 846 2214
67 35 2215
410 1887 2216
938 1433 2217
1325 13 2218
16 45 2219
740 930 2220
25 11 2221
153 180 2222
77 45 2223
39 2205 2224
2173 5 2225
2134 936 2226
114 1949 2227
1884 1292 2228
159 10 2229
56 1615 2230
825 1339 2231
128 1311 2232
100 119 2233
598 523 2234
410 173 2235
392 47 2236
54 376 2237
140 18 2238
916 2233 2239
8 1387 2240
769 2153 2241
2148 45 2242
2048 35 2243
2036 208 2244
1854 312 2245
1853 8 2246
34 1610 2247
4 51 2248
683 47 2249
665 330 2250
481 45 2251
113 33 2252
42 104 2253
9 11 2254
2212 1390 2255
167 5 2256
612 67 2257
66 52 2258
16 6 2259
56 1099 2260
274 523 2261
184 14 2262
433 18 2263
39 402 2264
37 299 2265
184 5 2266
42 2238 2267
392 2213 2268
480 22 2269
1900 2123 2270
61 10 2271
1601 1070 2272
223 2271 2273
80 753 2274
81 223 2275
114 121 2276
2265 167 2277
881 45 2278
34 2231 2279
97 151 2280
1138 2188 2281
20 68 2282
1859 1171 2283
584 1765 2284
52 20 2285
38 142 2286
326 25 2287
1232 64 2288
945 45 2289
583 653 2290
395 67 2291
158 357 2292
40 132 2293
247 2273 2294
2248 115 2295
26 164 2296
11 70 2297
994 2186 2298
1995 998 2299
1942 47 2300
699 1864 2301
1861 850 2302
1694 353 2303
29 1388 2304
43 962 2305
257 891 2306
802 6 2307
737 21 2308
701 278 2309
345 637 2310
418 96 2311
6 239 2312
2058 2305 2313
367 2304 2314
2267 1006 2315
364 24 2316
81 1989 2317
128 1961 2318
627 1610 2319
1601 899 2320
1346 333 2321
73 1062 2322
7 77 2323
69 825 2324
38 815 2325
440 323 2326
383 8 2327
76 270 2328
39 124 2329
17 91 2330
2325 151 2331
162 24 2332
1674 2108 2333
64 45 2334
37 1536 2335
575 1506 2336
1346 1223 2337
452 936 2338
832 45 2339
398 659 2340
39 651 2341
554 624 2342
496 35 2343
34 141 2344
2330 1390 2345
2263 2252 2346
729 2139 2347
2071 172 2348
59 8 2349
1671 1907 2350
1870 174 2351
1660 12 2352
583 1655 2353
1649 47 2354
1037 447 2355
663 166 2356
38 2356 2357
419 586 2358
254 172 2359
342 2288 2360
18 119 2361
2179 53 2362
2161 83 2363
2085 523 2364
10 79 2365
1904 1458 2366
81 1615 2367
1609 264 2368
51 24 2369
72 1134 2370
1131 84 2371
21 985 2372
808 2372 2373
576 18 2374
508 45 2375
247 299 2376
176 232 2377
114 18 2378
63 46 2379
52 13 2380
39 122 2381
54 181 2382
1834 2345 2383
2275 333 2384
49 60 2385
32 51 2386
2029 104 2387
11 18 2388
2387 60 2389
1221 323 2390
725 745 2391
640 116 2392
536 209 2393
34 498 2394
344 8 2395
24 21 2396
42 9 2397
12 16 2398
2126 36 2399
40 119 2400
111 6 2401
12 57 2402
19 131 2403
32 49 2404
733 1710 2405
34 236 2406
226 1405 2407
1121 53 2408
1004 185 2409
923 45 2410
758 45 2411
91 717 2412
708 471 2413
683 45 2414
526 156 2415
48 412 2416
39 214 2417
48 2369 2418
221 2368 2419
2329 53 2420
184 2303 2421
2247 122 2422
74 2185 2423
40 2057 2424
1976 8 2425
1973 1775 2426
1908 53 2427
1817 910 2428
1742 45 2429
1624 1199 2430
1592 47 2431
849 1145 2432
296 962 2433
693 35 2434
41 597 2435
56 572 2436
480 171 2437
77 21 2438
134 22 2439
2377 9 2440
79 18 2441
244 2307 2442
9 576 2443
128 1728 2444
1293 113 2445
1166 26 2446
1135 127 2447
65 1122 2448
965 936 2449
949 35 2450
253 547 2451
301 13 2452
42 2451 2453
238 47 2454
110 156 2455
151 55 2456
81 45 2457
14 75 2458
11 25 2459
218 2412 2460
206 7 2461
780 36 2462
2306 21 2463
84 60 2464
180 43 2465
2194 1883 2466
1931 60 2467
73 5 2468
1814 22 2469
1671 178 2470
68 1595 2471
1373 17 2472
17 10 2473
923 35 2474
785 9 2475
460 676 2476
652 167 2477
123 549 2478
56 536 2479
105 330 2480
188 142 2481
32 113 2482
72 28 2483
2467 199 2484
2316 53 2485
47 35 2486
2281 43 2487
15 24 2488
1781 156 2489
1742 47 2490
1222 1729 2491
1673 13 2492
11 113 2493
849 1234 2494
1154 471 2495
1067 47 2496
1066 43 2497
159 178 2498
965 35 2499
39 815 2500
73 812 2501
12 47 2502
628 151 2503
48 482 2504
384 45 2505
37 318 2506
4 271 2507
34 241 2508
105 201 2509
2476 625 2510
2441 1980 2511
32 2511 2512
828 2365 2513
2357 35 2514
162 22 2515
2143 236 2516
2131 659 2517
375 35 2518
1892 364 2519
1648 1523 2520
1366 494 2521
46 14 2522
1174 47 2523
207 1115 2524
970 523 2525
933 49 2526
917 112 2527
38 756 2528
600 741 2529
528 19 2530
65 393 2531
41 194 2532
93 186 2533
32 47 2534
22 214 2535
2482 100 2536
1131 64 2537
330 55 2538
18 98 2539
34 2328 2540
529 2278 2541
8 53 2542
12 500 2543
1036 47 2544
786 882 2545
729 181 2546
223 498 2547
63 52 2548
277 8 2549
171 55 2550
34 2549 2551
2494 645 2552
2470 36 2553
68 13 2554
2553 273 2555
2433 11 2556
2400 323 2557
2386 167 2558
296 2380 2559
345 302 2560
2076 1823 2561
1943 64 2562
1571 447 2563
1531 151 2564
218 1454 2565
1164 57 2566
1052 698 2567
134 877 2568
773 9 2569
48 663 2570
433 315 2571
418 43 2572
169 273 2573
105 181 2574
54 154 2575
145 21 2576
2565 955 2577
137 18 2578
2577 92 2579
2468 205 2580
11 83 2581
2435 45 2582
691 2361 2583
68 16 2584
547 55 2585
1733 2221 2586
1879 12 2587
1876 10 2588
1737 122 2589
736 1683 2590
1624 1124 2591
38 43 2592
939 751 2593
816 15 2594
338 47 2595
99 282 2596
84 21 2597
299 11 2598
63 12 2599
1249 2598 2600
1848 2539 2601
2534 57 2602
2360 2465 2603
2439 115 2604
2418 6 2605
184 2240 2606
2154 61 2607
2062 1534 2608
40 9 2609
44 47 2610
999 1215 2611
1138 494 2612
987 323 2613
849 214 2614
762 333 2615
436 717 2616
501 47 2617
20 61 2618
2564 2334 2619
2512 721 2620
2461 321 2621
338 9 2622
98 19 2623
575 97 2624
12 1508 2625
1400 151 2626
48 942 2627
290 930 2628
67 651 2629
290 115 2630
1325 2629 2631
2546 19 2632
2229 2518 2633
2492 1153 2634
25 36 2635
63 16 2636
2341 5 2637
2035 1603 2638
1848 964 2639
1737 44 2640
1699 1199 2641
484 1436 2642
32 1395 2643
1297 47 2644
1147 43 2645
1103 35 2646
933 9 2647
575 753 2648
335 45 2649
257 141 2650
95 84 2651
20 44 2652
2286 2651 2653
10 173 2654
2554 270 2655
22 349 2656
2422 1111 2657
342 20 2658
1877 47 2659
137 47 2660
1733 1761 2661
9 1070 2662
41 1626 2663
618 1377 2664
38 998 2665
720 698 2666
631 116 2667
130 127 2668
123 47 2669
48 122 2670
24 119 2671
41 28 2672
39 21 2673
743 2671 2674
2673 9 2675
33 97 2676
43 115 2677
128 2655 2678
369 178 2679
46 13 2680
2137 28 2681
78 115 2682
271 47 2683
105 1661 2684
1577 156 2685
1005 547 2686
583 717 2687
34 546 2688
483 173 2689
365 2689 2690
207 294 2691
32 116 2692
13 95 2693
65 178 2694
17 45 2695
22 46 2696
785 2625 2697
105 87 2698
2146 2547 2699
50 2523 2700
63 2257 2701
369 2223 2702
390 1935 2703
21 1813 2704
37 1718 2705
1562 92 2706
1484 653 2707
933 88 2708
54 851 2709
640 674 2710
54 637 2711
424 272 2712
399 45 2713
32 27 2714
2622 666 2715
34 2616 2716
63 22 2717
218 2503 2718
2090 635 2719
2031 1523 2720
1066 2027 2721
9 899 2722
424 1403 2723
1366 666 2724
1079 70 2725
758 851 2726
73 749 2727
470 53 2728
73 373 2729
227 47 2730
50 79 2731
74 35 2732
2709 2297 2733
38 2704 2734
181 180 2735
15 59 2736
128 199 2737
2531 6 2738
2078 2393 2739
2370 1967 2740
26 43 2741
33 23 2742
2092 1679 2743
2024 728 2744
1784 45 2745
1773 21 2746
1579 12 2747
1525 53 2748
1516 47 2749
159 1504 2750
1262 43 2751
1222 106 2752
1113 43 2753
1042 121 2754
99 1028 2755
19 859 2756
810 64 2757
616 721 2758
93 666 2759
105 663 2760
660 97 2761
363 21 2762
26 273 2763
163 29 2764
2764 46 2765
2732 2763 2766
460 2706 2767
1876 2703 2768
2596 2535 2769
2573 21 2770
41 120 2771
1421 2471 2772
98 5 2773
2293 717 2774
1997 350 2775
4 1851 2776
299 92 2777
309 1357 2778
105 1332 2779
32 46 2780
646 1115 2781
32 1081 2782
1004 67 2783
903 53 2784
50 865 2785
139 45 2786
635 199 2787
1951 2597 2788
46 25 2789
17 68 2790
2416 55 2791
2195 27 2792
1299 236 2793
338 2004 2794
1542 1691 2795
1673 741 2796
1292 846 2797
1093 36 2798
15 783 2799
105 594 2800
540 108 2801
531 36 2802
423 35 2803
40 393 2804
327 236 2805
2805 111 2806
232 147 2807
54 108 2808
19 132 2809
561 131 2810
14 45 2811
266 2756 2812
163 2736 2813
10 64 2814
40 97 2815
57 21 2816
128 79 2817
205 14 2818
2440 1372 2819
56 2338 2820
2253 1978 2821
2112 21 2822
105 547 2823
1937 67 2824
1325 1787 2825
1772 47 2826
1709 178 2827
1245 1595 2828
577 1343 2829
1307 20 2830
1162 1199 2831
829 132 2832
63 738 2833
416 47 2834
349 273 2835
270 22 2836
210 55 2837
149 11 2838
114 78 2839
8 36 2840
54 46 2841
89 12 2842
6 11 2843
1026 2777 2844
39 49 2845
128 2682 2846
345 2681 2847
1195 2576 2848
2574 25 2849
2498 232 2850
2452 1388 2851
2353 43 2852
2310 57 2853
10 49 2854
2170 258 2855
17 57 2856
996 1401 2857
1248 43 2858
1001 447 2859
585 865 2860
791 268 2861
65 516 2862
455 475 2863
434 5 2864
385 21 2865
322 47 2866
294 18 2867
254 121 2868
168 14 2869
178 24 2870
143 2824 2871
2172 2799 2872
375 45 2873
780 11 2874
114 2710 2875
65 2677 2876
445 2462 2877
2437 722 2878
2323 447 2879
1378 43 2880
1207 223 2881
840 11 2882
802 53 2883
8 753 2884
499 45 2885
4 304 2886
184 240 2887
41 29 2888
218 2883 2889
12 969 2890
2832 236 2891
7 46 2892
2801 717 2893
2783 536 2894
2580 5 2895
2446 1153 2896
2358 969 2897
32 2280 2898
2239 45 2899
2204 53 2900
958 52 2901
1951 741 2902
296 10 2903
73 1765 2904
474 55 2905
1524 482 2906
1036 711 2907
32 130 2908
338 863 2909
528 447 2910
297 88 2911
54 225 2912
178 13 2913
480 2896 2914
1554 2880 2915
114 2867 2916
2841 751 2917
912 2834 2918
2780 846 2919
2776 1851 2920
37 2683 2921
2589 121 2922
1307 2485 2923
2423 1250 2924
72 2215 2925
10 55 2926
2127 91 2927
2031 475 2928
223 236 2929
1872 1676 2930
1518 1823 2931
1789 47 2932
1299 1676 2933
98 135 2934
1533 12 2935
35 10 2936
1226 45 2937
1102 60 2938
48 964 2939
79 5 2940
274 877 2941
37 756 2942
490 47 2943
420 115 2944
218 390 2945
39 321 2946
38 108 2947
54 49 2948
2786 5 2949
34 715 2950
2670 156 2951
584 2668 2952
2479 57 2953
612 1070 2954
2403 45 2955
28 2955 2956
54 2374 2957
9 46 2958
306 2296 2959
299 47 2960
2168 943 2961
529 2004 2962
302 45 2963
1730 45 2964
41 43 2965
958 1405 2966
218 1275 2967
1247 1145 2968
1065 561 2969
1025 943 2970
194 727 2971
106 91 2972
41 500 2973
32 390 2974
345 106 2975
38 328 2976
168 151 2977
2971 43 2978
2266 2956 2979
21 57 2980
32 2906 2981
1686 2890 2982
2258 2884 2983
24 10 2984
2782 1883 2985
2690 236 2986
2599 896 2987
39 2486 2988
2472 21 2989
2378 1033 2990
302 12 2991
344 2086 2992
18 97 2993
1911 547 2994
1698 1729 2995
1702 635 2996
1593 1215 2997
1588 45 2998
1542 151 2999
1349 1523 3000
1163 859 3001
81 1094 3002
852 865 3003
335 21 3004
596 35 3005
105 441 3006
367 18 3007
40 328 3008
208 167 3009
72 71 3010
42 52 3011
2862 2993 3012
6 170 3013
41 15 3014
32 2836 3015
424 2660 3016
78 180 3017
1609 2578 3018
184 2543 3019
12 8 3020
33 2456 3021
460 1378 3022
1272 132 3023
1233 1153 3024
852 22 3025
805 53 3026
40 710 3027
372 35 3028
40 124 3029
20 214 3030
940 2934 3031
2839 2913 3032
2808 2892 3033
1222 2814 3034
554 2807 3035
79 45 3036
2664 45 3037
2459 9 3038
2183 45 3039
1987 53 3040
1896 59 3041
1894 10 3042
1830 698 3043
1706 666 3044
1582 47 3045
1201 53 3046
616 1130 3047
4 44 3048
986 242 3049
221 910 3050
139 877 3051
723 113 3052
558 55 3053
529 130 3054
39 393 3055
93 8 3056
93 5 3057
18 5 3058
513 3018 3059
133 2978 3060
74 21 3061
5 151 3062
679 2936 3063
944 2879 3064
367 2835 3065
2680 2254 3066
145 3066 3067
2592 3067 3068
8 9 3069
2484 721 3070
35 21 3071
2424 447 3072
2332 1130 3073
2244 35 3074
40 2176 3075
1542 1946 3076
1872 236 3077
1714 1798 3078
1664 45 3079
1585 45 3080
17 1566 3081
1452 236 3082
867 13 3083
639 55 3084
218 619 3085
548 45 3086
521 64 3087
32 373 3088
30 291 3089
84 116 3090
56 240 3091
230 67 3092
40 201 3093
65 160 3094
40 141 3095
22 104 3096
218 5 3097
14 710 3098
520 3081 3099
3054 1603 3100
3034 1199 3101
3024 53 3102
39 3005 3103
772 97 3104
1196 46 3105
49 10 3106
2837 10 3107
36 43 3108
1367 2693 3109
12 84 3110
2504 2282 3111
1435 2493 3112
2395 112 3113
95 45 3114
1827 45 3115
1816 122 3116
1647 1799 3117
3116 1388 3118
1709 1706 3119
520 1653 3120
1408 53 3121
181 45 3122
511 45 3123
407 182 3124
345 406 3125
56 328 3126
290 83 3127
49 12 3128
3127 45 3129
430 12 3130
3076 2926 3131
18 3038 3132
1776 3021 3133
2916 2464 3134
63 672 3135
2827 45 3136
879 2818 3137
169 68 3138
23 2789 3139
3138 316 3140
97 47 3141
105 199 3142
2740 1145 3143
665 2735 3144
812 45 3145
2379 185 3146
16 494 3147
16 78 3148
2197 88 3149
15 45 3150
2035 25 3151
1937 13 3152
1879 45 3153
1814 580 3154
1776 1340 3155
1518 1387 3156
1365 53 3157
559 1310 3158
407 1212 3159
1055 12 3160
1021 121 3161
59 67 3162
828 104 3163
434 753 3164
17 710 3165
342 593 3166
554 10 3167
332 547 3168
451 47 3169
367 26 3170
168 88 3171
74 144 3172
50 8 3173
332 52 3174
9 536 3175
290 3162 3176
3119 1845 3177
1572 3108 3178
3087 270 3179
11 620 3180
3035 180 3181
57 3009 3182
1102 2991 3183
307 2929 3184
19 5 3185
139 2810 3186
2794 57 3187
2694 299 3188
2643 721 3189
2165 45 3190
1911 120 3191
1860 47 3192
1532 135 3193
1516 45 3194
1319 47 3195
1247 132 3196
1207 46 3197
575 1081 3198
42 1028 3199
226 898 3200
872 47 3201
274 865 3202
772 77 3203
660 452 3204
37 657 3205
639 574 3206
627 582 3207
559 19 3208
345 547 3209
407 299 3210
401 45 3211
399 5 3212
124 3212 3213
296 92 3214
38 3213 3215
65 225 3216
220 160 3217
48 142 3218
32 70 3219
3217 67 3220
41 364 3221
3210 43 3222
3207 53 3223
254 20 3224
528 3180 3225
1002 3165 3226
99 5 3227
756 45 3228
3029 57 3229
3007 943 3230
122 95 3231
2948 2196 3232
218 3231 3233
3232 53 3234
330 12 3235
159 15 3236
2798 160 3237
306 2652 3238
780 2562 3239
2421 45 3240
2417 111 3241
2379 200 3242
2363 12 3243
2266 268 3244
119 45 3245
67 75 3246
1974 45 3247
963 3246 3248
1948 53 3249
42 1943 3250
1853 1458 3251
1807 55 3252
369 1783 3253
1706 494 3254
48 119 3255
4 104 3256
1314 1433 3257
171 64 3258
34 1212 3259
1207 9 3260
1137 5 3261
105 1130 3262
1114 61 3263
218 3263 3264
1027 53 3265
244 877 3266
802 45 3267
13 753 3268
15 741 3269
591 471 3270
232 403 3271
238 357 3272
345 130 3273
217 21 3274
168 67 3275
38 135 3276
73 84 3277
42 144 3278
644 3239 3279
9 294 3280
3131 43 3281
226 49 3282
63 3062 3283
581 3030 3284
37 9 3285
2969 2585 3286
11 11 3287
2851 47 3288
2809 45 3289
119 35 3290
65 11 3291
2698 151 3292
2397 2635 3293
2506 119 3294
4 2401 3295
965 2392 3296
2332 721 3297
12 43 3298
2284 47 3299
2140 53 3300
229 2086 3301
2062 21 3302
1960 45 3303
1896 258 3304
81 1661 3305
1585 47 3306
294 45 3307
1518 36 3308
229 1506 3309
54 61 3310
74 1492 3311
1254 5 3312
17 625 3313
559 759 3314
162 3313 3315
325 710 3316
669 264 3317
614 5 3318
22 391 3319
301 14 3320
12 78 3321
1884 35 3322
383 3289 3323
51 8 3324
247 3132 3325
1559 46 3326
2078 3106 3327
3326 783 3328
877 3013 3329
66 30 3330
62 3329 3331
128 2854 3332
2623 2797 3333
2771 25 3334
105 3333 3335
17 2676 3336
325 85 3337
2557 12 3338
133 2438 3339
2436 47 3340
2398 1111 3341
2326 659 3342
2269 172 3343
1834 55 3344
40 1799 3345
51 13 3346
76 1683 3347
596 1683 3348
1665 471 3349
17 1178 3350
1449 45 3351
1197 1387 3352
1382 1387 3353
1149 43 3354
691 1088 3355
869 14 3356
837 447 3357
781 53 3358
701 778 3359
725 5 3360
619 57 3361
42 576 3362
68 21 3363
407 61 3364
335 47 3365
66 208 3366
163 64 3367
162 147 3368
66 64 3369
42 21 3370
151 20 3371
3370 2196 3372
12 23 3373
6 10 3374
8 92 3375
65 52 3376
3293 9 3377
297 3267 3378
3221 46 3379
402 35 3380
1307 7 3381
68 5 3382
3051 35 3383
10 494 3384
2792 735 3385
2752 135 3386
966 2741 3387
1559 2538 3388
2359 45 3389
6 321 3390
2326 47 3391
2195 64 3392
2092 47 3393
1938 160 3394
1453 35 3395
42 547 3396
56 15 3397
693 1115 3398
1069 523 3399
881 21 3400
996 98 3401
66 21 3402
835 47 3403
669 312 3404
42 596 3405
584 142 3406
562 45 3407
81 530 3408
218 503 3409
339 482 3410
343 53 3411
34 225 3412
211 12 3413
176 82 3414
142 100 3415
105 85 3416
24 84 3417
41 756 3418
172 180 3419
3364 1070 3420
159 3321 3421
228 3319 3422
52 728 3423
3220 180 3424
43 6 3425
48 199 3426
665 2960 3427
42 302 3428
2945 657 3429
2887 59 3430
93 20 3431
2584 47 3432
16 2581 3433
2566 1655 3434
410 2542 3435
2532 783 3436
166 47 3437
2260 735 3438
36 2259 3439
1680 1111 3440
1640 186 3441
1554 77 3442
1526 115 3443
3442 115 3444
40 436 3445
23 1442 3446
1319 45 3447
1299 1130 3448
1253 45 3449
48 120 3450
961 53 3451
128 844 3452
74 689 3453
48 413 3454
99 172 3455
128 137 3456
142 8 3457
181 61 3458
388 57 3459
445 49 3460
290 561 3461
1138 330 3462
3445 666 3463
25 13 3464
3322 273 3465
3320 46 3466
56 52 3467
3219 722 3468
39 271 3469
3468 969 3470
3203 215 3471
1503 3147 3472
481 3098 3473
3088 52 3474
3056 77 3475
2939 1655 3476
2938 447 3477
194 47 3478
2570 21 3479
2327 92 3480
2285 12 3481
2235 690 3482
2170 25 3483
2093 60 3484
2079 412 3485
2079 28 3486
1997 1761 3487
8 61 3488
1973 46 3489
1968 12 3490
1894 628 3491
1877 200 3492
169 1626 3493
1259 1139 3494
44 1251 3495
539 1250 3496
1236 943 3497
1068 541 3498
999 88 3499
455 877 3500
707 236 3501
475 100 3502
184 391 3503
369 49 3504
48 223 3505
42 166 3506
142 166 3507
4 166 3508
24 104 3509
39 78 3510
74 14 3511
37 47 3512
42 45 3513
3510 500 3514
77 47 3515
327 49 3516
3503 1761 3517
669 194 3518
128 15 3519
8 312 3520
1435 3437 3521
133 9 3522
12 346 3523
3362 3235 3524
83 3523 3525
3356 1728 3526
40 15 3527
18 393 3528
3176 523 3529
663 7 3530
10 88 3531
91 14 3532
344 3089 3533
3008 127 3534
67 2980 3535
2903 70 3536
114 2874 3537
824 2790 3538
2528 47 3539
34 2438 3540
2395 119 3541
169 2388 3542
162 2349 3543
1674 2296 3544
2023 53 3545
67 312 3546
1858 21 3547
1854 721 3548
567 1798 3549
7 264 3550
65 1538 3551
1518 24 3552
1333 18 3553
1318 353 3554
1221 47 3555
1117 20 3556
1099 58 3557
34 3557 3558
482 1009 3559
105 812 3560
128 749 3561
669 199 3562
114 510 3563
146 14 3564
424 76 3565
257 330 3566
163 225 3567
39 53 3568
24 270 3569
32 43 3570
595 95 3571
3554 3268 3572
1026 3530 3573
3504 2656 3574
658 3502 3575
21 47 3576
574 12 3577
3450 232 3578
1378 117 3579
3416 741 3580
3367 321 3581
480 3341 3582
3330 315 3583
3208 1311 3584
229 97 3585
3085 45 3586
60 6 3587
17 47 3588
2881 43 3589
8 628 3590
1626 45 3591
4 111 3592
1222 75 3593
1960 1506 3594
1938 141 3595
1812 45 3596
48 1756 3597
1653 156 3598
184 3598 3599
1554 778 3600
1488 7 3601
1485 624 3602
1461 315 3603
1452 721 3604
67 1234 3605
1188 1433 3606
1411 1240 3607
19 232 3608
36 1250 3609
1097 57 3610
1069 26 3611
829 895 3612
876 17 3613
875 8 3614
3613 674 3615
139 861 3616
14 846 3617
404 727 3618
48 690 3619
462 624 3620
48 503 3621
42 452 3622
369 435 3623
9 412 3624
356 24 3625
172 321 3626
271 180 3627
26 156 3628
155 8 3629
108 53 3630
3629 1679 3631
290 26 3632
41 812 3633
1062 35 3634
122 47 3635
3528 3298 3636
3516 175 3637
912 14 3638
3637 347 3639
139 16 3640
3174 3458 3641
1093 3457 3642
8 11 3643
2076 95 3644
24 173 3645
3273 25 3646
681 3245 3647
402 45 3648
11 574 3649
2996 1403 3650
39 2972 3651
134 8 3652
829 2963 3653
2532 2811 3654
99 2742 3655
2663 45 3656
584 2585 3657
2570 35 3658
2527 45 3659
1138 2403 3660
224 2402 3661
73 2385 3662
2384 21 3663
2262 144 3664
2224 156 3665
2154 47 3666
2146 240 3667
1955 26 3668
1949 178 3669
1625 3669 3670
1891 53 3671
1867 28 3672
83 67 3673
1772 45 3674
844 1754 3675
49 1710 3676
1695 20 3677
338 1578 3678
1550 676 3679
605 1454 3680
1367 49 3681
1319 35 3682
1299 721 3683
528 6 3684
1138 25 3685
714 1115 3686
1077 500 3687
345 1041 3688
933 43 3689
56 5 3690
320 882 3691
822 53 3692
54 802 3693
729 44 3694
51 670 3695
407 43 3696
56 390 3697
345 131 3698
66 333 3699
327 97 3700
39 294 3701
38 242 3702
227 11 3703
126 9 3704
74 84 3705
179 97 3706
184 3675 3707
3672 180 3708
63 3636 3709
2172 3596 3710
3590 666 3711
18 10 3712
28 12 3713
12 45 3714
84 10 3715
3506 1292 3716
1698 3439 3717
16 61 3718
3255 1390 3719
3218 79 3720
9 26 3721
32 21 3722
338 3004 3723
17 15 3724
38 44 3725
584 547 3726
2762 1175 3727
345 2713 3728
307 2623 3729
126 2550 3730
2269 2538 3731
559 2456 3732
306 26 3733
2374 415 3734
167 3734 3735
2310 53 3736
2293 25 3737
2183 47 3738
2168 711 3739
2050 778 3740
48 1961 3741
1946 576 3742
1934 67 3743
1912 12 3744
1826 21 3745
75 47 3746
1554 8 3747
1431 270 3748
1378 49 3749
1362 698 3750
1289 47 3751
1284 35 3752
1274 27 3753
1267 181 3754
1262 47 3755
1138 137 3756
1110 1070 3757
73 850 3758
32 825 3759
780 181 3760
429 753 3761
581 744 3762
669 406 3763
24 663 3764
627 26 3765
622 5 3766
63 551 3767
135 45 3768
462 15 3769
39 406 3770
137 270 3771
244 24 3772
184 27 3773
184 13 3774
39 170 3775
63 36 3776
218 120 3777
3776 2696 3778
3769 22 3779
3760 116 3780
176 3780 3781
965 3735 3782
3725 1946 3783
1397 3715 3784
3783 97 3785
3417 3706 3786
113 20 3787
290 3786 3788
3700 347 3789
105 77 3790
21 43 3791
1896 3628 3792
3614 3626 3793
40 43 3794
3601 44 3795
669 119 3796
3522 3361 3797
65 9 3798
3461 1799 3799
1079 3433 3800
2507 3419 3801
520 3375 3802
3371 991 3803
332 3363 3804
3324 185 3805
3312 659 3806
2087 3806 3807
3295 969 3808
16 8 3809
3224 51 3810
343 97 3811
3810 905 3812
3196 471 3813
3191 1070 3814
1104 145 3815
148 2856 3816
301 2856 3817
631 2610 3818
8 60 3819
2504 68 3820
50 2502 3821
485 2312 3822
345 68 3823
2143 498 3824
2137 1099 3825
42 3825 3826
1957 100 3827
1904 13 3828
1900 1813 3829
1872 721 3830
56 1815 3831
1456 47 3832
169 1352 3833
390 1292 3834
511 1250 3835
1228 45 3836
1043 753 3837
949 47 3838
33 21 3839
65 802 3840
630 753 3841
9 721 3842
41 715 3843
162 711 3844
604 53 3845
539 43 3846
350 523 3847
38 503 3848
429 278 3849
4 350 3850
317 21 3851
275 44 3852
236 17 3853
41 199 3854
70 127 3855
74 122 3856
74 119 3857
40 44 3858
145 272 3859
3575 3847 3860
3844 2843 3861
881 35 3862
45 45 3863
1554 20 3864
63 3787 3865
3784 2954 3866
121 55 3867
26 36 3868
57 17 3869
10 22 3870
3698 77 3871
3668 157 3872
3871 417 3873
56 3630 3874
54 3627 3875
3564 3609 3876
9 10 3877
69 8 3878
3546 47 3879
114 11 3880
77 381 3881
3061 3488 3882
57 3478 3883
3474 236 3884
3381 1967 3885
56 3365 3886
3250 452 3887
3170 108 3888
3053 1496 3889
3888 61 3890
3022 1863 3891
2947 16 3892
2927 200 3893
2894 53 3894
24 47 3895
48 2742 3896
325 2713 3897
2530 1436 3898
2530 680 3899
306 2401 3900
2260 1070 3901
2193 47 3902
878 135 3903
305 1799 3904
1619 47 3905
1608 232 3906
497 1547 3907
1522 28 3908
1330 45 3909
1276 477 3910
1193 53 3911
1164 815 3912
337 1115 3913
50 16 3914
543 1017 3915
967 232 3916
369 886 3917
93 865 3918
520 809 3919
567 751 3920
32 676 3921
665 46 3922
41 637 3923
621 268 3924
345 536 3925
29 435 3926
419 144 3927
145 349 3928
133 328 3929
306 13 3930
48 299 3931
221 46 3932
25 140 3933
217 106 3934
40 166 3935
66 122 3936
69 67 3937
829 7 3938
5 64 3939
3899 116 3940
3890 523 3941
2382 3883 3942
176 3862 3943
3854 47 3944
3846 160 3945
1959 3842 3946
37 3816 3947
3815 745 3948
81 52 3949
34 3771 3950
3722 1034 3951
3696 1410 3952
1583 3676 3953
3652 258 3954
3645 21 3955
41 3634 3956
169 61 3957
62 3608 3958
3957 83 3959
3563 2522 3960
8 112 3961
411 12 3962
422 812 3963
3368 321 3964
1624 3348 3965
13 11 3966
3163 3036 3967
3152 121 3968
218 3968 3969
3104 21 3970
9 64 3971
254 3017 3972
297 10 3973
2282 2787 3974
7 92 3975
2767 45 3976
16 1111 3977
828 2676 3978
11 582 3979
2643 1006 3980
367 2543 3981
19 11 3982
2479 53 3983
462 2473 3984
2446 741 3985
2397 98 3986
2359 47 3987
933 2338 3988
484 680 3989
17 53 3990
41 2176 3991
342 22 3992
2037 753 3993
1901 12 3994
297 1887 3995
142 20 3996
48 1728 3997
1699 174 3998
1695 1223 3999
1659 936 4000
42 4000 4001
1609 92 4002
65 1372 4003
335 1369 4004
85 5 4005
1150 8 4006
1105 722 4007
1093 536 4008
1033 119 4009
54 4009 4010
933 186 4011
776 899 4012
627 896 4013
65 721 4014
133 663 4015
584 57 4016
529 119 4017
441 8 4018
81 4018 4019
419 85 4020
407 379 4021
4021 64 4022
20 293 4023
167 287 4024
259 14 4025
41 166 4026
163 14 4027
99 10 4028
152 4023 4029
808 49 4030
812 12 4031
558 3990 4032
63 3985 4033
3951 2464 4034
82 18 4035
184 3928 4036
869 3879 4037
22 53 4038
3856 2502 4039
846 3819 4040
3812 624 4041
365 4040 4042
81 3805 4043
3790 35 4044
3779 77 4045
6 144 4046
3772 991 4047
3767 1199 4048
3747 690 4049
3726 1206 4050
3679 47 4051
36 47 4052
40 294 4053
3556 2385 4054
694 3550 4055
48 3432 4056
163 17 4057
32 3400 4058
3023 3390 4059
3343 45 4060
54 97 4061
529 3228 4062
3014 1938 4063
73 33 4064
4063 60 4065
2962 53 4066
2630 2958 4067
2920 1851 4068
181 20 4069
2888 12 4070
169 15 4071
2601 2722 4072
33 12 4073
2572 242 4074
2558 1171 4075
2488 2396 4076
1542 2485 4077
246 2458 4078
19 12 4079
2358 745 4080
2323 471 4081
5 258 4082
40 390 4083
2061 47 4084
1824 494 4085
939 1798 4086
1693 47 4087
1649 45 4088
1617 47 4089
894 1562 4090
785 1520 4091
24 1388 4092
1349 16 4093
1237 1088 4094
4093 624 4095
1202 47 4096
73 145 4097
1161 549 4098
1117 17 4099
1057 35 4100
1037 471 4101
993 53 4102
48 943 4103
484 859 4104
786 47 4105
326 717 4106
536 713 4107
56 710 4108
424 710 4109
658 170 4110
648 67 4111
588 64 4112
419 4112 4113
54 495 4114
487 144 4115
404 45 4116
364 64 4117
38 4117 4118
312 166 4119
105 4119 4120
40 271 4121
107 232 4122
226 61 4123
105 160 4124
155 14 4125
65 122 4126
65 14 4127
99 11 4128
40 179 4129
129 22 4130
61 43 4131
1222 142 4132
1814 95 4133
240 20 4134
5 21 4135
60 57 4136
42 87 4137
785 4024 4138
67 443 4139
10 166 4140
14 727 4141
3992 674 4142
480 4141 4143
238 3974 4144
3949 19 4145
3938 148 4146
3931 55 4147
63 601 4148
3900 3122 4149
3868 2219 4150
480 4150 4151
3858 57 4152
74 199 4153
1698 3746 4154
3717 321 4155
33 45 4156
529 3649 4157
37 3648 4158
40 3643 4159
21 21 4160
184 3569 4161
3489 2662 4162
756 47 4163
3414 3017 4164
111 21 4165
3406 28 4166
3388 96 4167
15 15 4168
3366 624 4169
3155 523 4170
4169 523 4171
99 3128 4172
584 3069 4173
2974 9 4174
2908 778 4175
2901 943 4176
223 43 4177
70 13 4178
2725 13 4179
9 135 4180
34 2486 4181
2437 43 4182
2404 181 4183
2239 47 4184
2180 45 4185
81 199 4186
2083 1006 4187
2081 1907 4188
938 549 4189
1824 1978 4190
1955 676 4191
935 47 4192
1870 321 4193
1861 84 4194
1850 45 4195
73 1812 4196
65 49 4197
1651 1240 4198
1625 45 4199
1451 47 4200
1253 47 4201
620 1206 4202
1099 28 4203
1054 45 4204
130 67 4205
1019 45 4206
950 45 4207
4 49 4208
917 9 4209
911 12 4210
785 7 4211
725 316 4212
627 59 4213
605 597 4214
46 594 4215
81 393 4216
365 18 4217
297 49 4218
113 43 4219
50 111 4220
49 4219 4221
4217 1540 4222
210 4221 4223
4211 1114 4224
83 4203 4225
4191 4131 4226
1877 4225 4227
4181 690 4228
67 61 4229
18 282 4230
4097 1035 4231
4083 232 4232
54 98 4233
367 16 4234
16 447 4235
559 3977 4236
3929 1070 4237
114 19 4238
13 85 4239
3865 1292 4240
810 3863 4241
6 23 4242
676 45 4243
3823 28 4244
9 750 4245
3640 3258 4246
3562 5 4247
3519 299 4248
3518 3269 4249
3443 13 4250
24 3425 4251
4250 1978 4252
2423 3423 4253
2286 3384 4254
1971 3350 4255
3332 21 4256
617 3148 4257
3097 35 4258
1842 3090 4259
2947 1813 4260
74 2940 4261
2757 321 4262
2658 85 4263
73 2654 4264
529 2649 4265
129 2618 4266
2609 794 4267
2517 53 4268
2515 157 4269
2440 97 4270
95 5 4271
2382 20 4272
2258 651 4273
15 151 4274
2197 5 4275
2152 698 4276
2127 735 4277
2126 68 4278
2093 1728 4279
1093 2057 4280
1992 47 4281
1957 55 4282
1699 16 4283
1574 68 4284
48 1468 4285
128 1442 4286
1318 1198 4287
1299 1153 4288
1297 45 4289
1289 45 4290
1168 53 4291
1138 666 4292
1102 167 4293
270 1083 4294
114 1034 4295
62 27 4296
996 6 4297
48 962 4298
7 112 4299
951 61 4300
849 676 4301
82 766 4302
681 659 4303
54 674 4304
647 350 4305
558 58 4306
539 68 4307
247 505 4308
484 8 4309
446 215 4310
419 223 4311
379 55 4312
4 346 4313
297 323 4314
254 59 4315
128 214 4316
166 84 4317
4 157 4318
38 156 4319
149 85 4320
81 78 4321
49 46 4322
42 35 4323
43 14 4324
4316 49 4325
3699 4324 4326
50 13 4327
327 44 4328
2262 4302 4329
4301 4134 4330
28 8 4331
1093 7 4332
4284 2787 4333
4280 46 4334
4279 12 4335
4334 1250 4336
4263 180 4337
62 4251 4338
35 236 4339
4232 1492 4340
41 51 4341
4183 22 4342
301 4177 4343
82 4163 4344
716 4156 4345
3402 4344 4346
4146 3150 4347
69 6 4348
36 35 4349
123 477 4350
2522 36 4351
3962 3271 4352
184 16 4353
44 46 4354
78 18 4355
372 672 4356
455 3791 4357
159 91 4358
2698 3714 4359
3693 44 4360
3651 498 4361
4360 1250 4362
3570 2618 4363
3561 21 4364
3508 17 4365
3505 1081 4366
3486 1199 4367
56 812 4368
3392 21 4369
66 3380 4370
67 7 4371
19 122 4372
1093 390 4373
60 10 4374
4373 1562 4375
1518 3114 4376
41 436 4377
6 12 4378
26 44 4379
2972 242 4380
2530 4380 4381
2965 1410 4382
2944 21 4383
2843 666 4384
2842 2562 4385
2792 27 4386
2752 1145 4387
41 49 4388
2601 2662 4389
290 2656 4390
2399 751 4391
2359 43 4392
2327 860 4393
24 61 4394
2100 22 4395
470 2027 4396
1957 1184 4397
1709 1907 4398
1880 1710 4399
148 1844 4400
1838 321 4401
56 4400 4402
1811 43 4403
1781 5 4404
134 1770 4405
134 10 4406
1666 592 4407
39 364 4408
63 1562 4409
41 106 4410
325 1352 4411
48 1278 4412
1271 215 4413
202 57 4414
460 1240 4415
1216 121 4416
1172 53 4417
1147 96 4418
1089 549 4419
1072 12 4420
4 1017 4421
828 971 4422
944 964 4423
928 156 4424
917 321 4425
16 887 4426
4425 127 4427
811 350 4428
807 698 4429
772 18 4430
561 651 4431
641 510 4432
635 415 4433
158 471 4434
445 57 4435
65 441 4436
426 45 4437
424 202 4438
172 381 4439
327 282 4440
314 45 4441
301 121 4442
257 236 4443
48 35 4444
38 14 4445
4436 87 4446
605 44 4447
4118 4426 4448
19 7 4449
1781 4384 4450
4377 3855 4451
4375 1130 4452
133 4355 4453
3310 4354 4454
62 4351 4455
3441 4333 4456
4332 1250 4457
4315 49 4458
60 18 4459
4283 859 4460
4271 113 4461
32 4461 4462
4258 549 4463
42 4242 4464
14 350 4465
83 780 4466
14 10 4467
114 4466 4468
4129 45 4469
1976 4092 4470
3661 4082 4471
9 620 4472
631 4005 4473
3795 1130 4474
3774 2185 4475
460 3724 4476
3705 471 4477
3689 12 4478
3605 1401 4479
3597 2695 4480
3593 180 4481
84 6 4482
135 12 4483
3464 120 4484
520 23 4485
3431 861 4486
3430 1458 4487
3369 2393 4488
290 3271 4489
1154 3269 4490
3227 1775 4491
3130 1787 4492
65 97 4493
912 3110 4494
67 3058 4495
2996 328 4496
2920 1204 4497
273 53 4498
2887 2349 4499
1299 2773 4500
2589 2695 4501
2665 846 4502
631 2649 4503
57 12 4504
2537 21 4505
2501 45 4506
2498 698 4507
517 2462 4508
70 21 4509
462 4508 4510
581 2312 4511
829 2280 4512
2194 727 4513
849 135 4514
2136 549 4515
1955 64 4516
1937 208 4517
128 1836 4518
1694 6 4519
1660 47 4520
34 1626 4521
1562 1388 4522
658 4522 4523
1485 47 4524
1451 45 4525
364 1443 4526
93 22 4527
1321 47 4528
1317 350 4529
828 1311 4530
1308 5 4531
1301 498 4532
1280 19 4533
720 1265 4534
1222 82 4535
41 1208 4536
68 12 4537
577 1111 4538
878 47 4539
743 863 4540
6 833 4541
818 8 4542
39 689 4543
135 624 4544
597 57 4545
557 294 4546
552 21 4547
481 47 4548
467 21 4549
407 330 4550
42 340 4551
66 26 4552
42 164 4553
41 130 4554
51 240 4555
249 67 4556
65 4545 4557
3733 4544 4558
37 802 4559
4535 16 4560
194 4526 4561
4523 120 4562
787 4561 4563
218 4517 4564
18 199 4565
4485 964 4566
636 4465 4567
4447 115 4568
4446 9 4569
111 151 4570
4432 57 4571
23 4414 4572
4408 2542 4573
2578 60 4574
38 68 4575
669 4574 4576
4366 180 4577
43 21 4578
3690 4317 4579
148 10 4580
60 242 4581
2090 4202 4582
4161 690 4583
4137 2816 4584
520 4046 4585
4045 957 4586
64 18 4587
207 97 4588
530 45 4589
4007 156 4590
46 1281 4591
2264 97 4592
3935 4591 4593
19 488 4594
3922 1153 4595
17 690 4596
1648 3895 4597
63 3881 4598
38 3853 4599
63 3803 4600
2601 3742 4601
2672 3713 4602
3701 321 4603
128 3695 4604
944 302 4605
1777 3577 4606
16 3559 4607
631 3495 4608
1097 3446 4609
3346 1595 4610
3237 12 4611
3236 53 4612
3230 12 4613
1299 3185 4614
3163 79 4615
39 3152 4616
100 11 4617
3095 21 4618
4 181 4619
132 25 4620
73 130 4621
3011 17 4622
639 2873 4623
4622 812 4624
2870 1139 4625
73 4625 4626
99 2870 4627
383 19 4628
2740 135 4629
184 2696 4630
93 2652 4631
2624 47 4632
2580 576 4633
1245 16 4634
2499 47 4635
2472 47 4636
2457 783 4637
2417 67 4638
2388 11 4639
6 53 4640
65 6 4641
2120 45 4642
2119 1653 4643
105 1989 4644
1104 1967 4645
78 35 4646
41 1729 4647
332 4646 4648
364 1694 4649
1663 53 4650
1625 35 4651
1617 21 4652
1578 157 4653
47 21 4654
1439 15 4655
1425 35 4656
66 59 4657
1418 96 4658
6 7 4659
1378 113 4660
1378 61 4661
24 1375 4662
1233 1300 4663
445 28 4664
807 1265 4665
1246 47 4666
1190 156 4667
307 1174 4668
1131 18 4669
1098 930 4670
1083 12 4671
296 4671 4672
980 53 4673
951 46 4674
869 47 4675
634 713 4676
307 710 4677
639 24 4678
627 83 4679
618 350 4680
539 140 4681
497 12 4682
4681 315 4683
478 35 4684
440 174 4685
424 321 4686
355 53 4687
149 346 4688
319 14 4689
274 258 4690
184 23 4691
167 181 4692
40 156 4693
48 148 4694
67 144 4695
42 120 4696
73 43 4697
54 21 4698
54 35 4699
32 61 4700
105 18 4701
157 4695 4702
4685 7 4703
211 17 4704
540 802 4705
98 381 4706
105 11 4707
205 5 4708
19 10 4709
19 3090 4710
1699 44 4711
4583 26 4712
4090 4581 4713
4579 132 4714
3704 4572 4715
4553 4079 4716
33 19 4717
4493 2816 4718
184 4479 4719
4475 1250 4720
67 142 4721
33 67 4722
4412 45 4723
52 1798 4724
1318 4394 4725
19 18 4726
257 2488 4727
3091 4379 4728
4358 5 4729
4356 156 4730
4300 2257 4731
4297 674 4732
4270 2219 4733
3857 4230 4734
66 49 4735
271 4180 4736
4173 2874 4737
407 4736 4738
3567 812 4739
310 375 4740
1698 4081 4741
8 10 4742
2944 4038 4743
3936 2940 4744
52 115 4745
15 171 4746
166 97 4747
17 3839 4748
3802 35 4749
255 3749 4750
3720 21 4751
3638 236 4752
74 3624 4753
520 2285 4754
3543 79 4755
3543 3036 4756
34 77 4757
3525 45 4758
34 3515 4759
520 3481 4760
3415 45 4761
3404 601 4762
460 3380 4763
3376 200 4764
3266 57 4765
912 12 4766
276 3185 4767
3170 2735 4768
56 3145 4769
141 45 4770
143 3044 4771
2945 969 4772
18 130 4773
56 2493 4774
365 416 4775
2404 36 4776
2371 47 4777
2262 10 4778
114 2221 4779
1674 1111 4780
2100 1232 4781
2079 635 4782
2029 43 4783
62 59 4784
1957 576 4785
1923 47 4786
1912 47 4787
1824 316 4788
475 1797 4789
1745 45 4790
1670 9 4791
520 1616 4792
1526 147 4793
1451 523 4794
1362 417 4795
33 17 4796
1299 23 4797
44 1298 4798
407 119 4799
162 1232 4800
1197 157 4801
612 899 4802
1117 574 4803
1069 268 4804
42 1041 4805
1022 22 4806
785 4806 4807
99 9 4808
963 659 4809
307 962 4810
945 47 4811
939 5 4812
933 572 4813
462 930 4814
240 113 4815
40 628 4816
854 185 4817
785 800 4818
729 68 4819
105 676 4820
41 624 4821
582 151 4822
81 547 4823
42 536 4824
525 47 4825
514 53 4826
482 25 4827
388 47 4828
307 87 4829
296 130 4830
32 264 4831
105 236 4832
179 138 4833
50 194 4834
186 68 4835
139 14 4836
108 47 4837
105 14 4838
73 75 4839
4836 1679 4840
254 4835 4841
218 271 4842
299 121 4843
39 4827 4844
4819 2797 4845
178 991 4846
19 1214 4847
5 1609 4848
4847 1156 4849
4785 55 4850
13 10 4851
497 19 4852
216 4758 4853
17 84 4854
540 4745 4855
4731 536 4856
4712 592 4857
274 4708 4858
4701 4702 4859
270 57 4860
10 510 4861
62 4661 4862
18 1454 4863
40 4653 4864
4634 753 4865
4630 3350 4866
42 4620 4867
4599 1775 4868
332 4589 4869
4586 7 4870
4575 26 4871
4560 156 4872
4871 98 4873
63 57 4874
4444 364 4875
41 44 4876
40 130 4877
202 21 4878
217 199 4879
4442 8 4880
298 4416 4881
20 20 4882
14 53 4883
4342 272 4884
462 4243 4885
426 4135 4886
34 21 4887
4109 47 4888
4 85 4889
21 45 4890
60 4069 4891
4064 84 4892
3694 4891 4893
4057 969 4894
56 142 4895
40 4035 4896
52 33 4897
4020 7 4898
1946 4897 4899
1442 45 4900
42 4899 4901
3943 721 4902
162 20 4903
3914 741 4904
3773 1661 4905
85 12 4906
3680 46 4907
95 294 4908
4907 273 4909
19 3624 4910
729 3591 4911
3573 1130 4912
1494 3509 4913
635 328 4914
27 27 4915
3430 1139 4916
3346 2219 4917
95 3307 4918
301 17 4919
1817 3096 4920
2984 28 4921
2962 35 4922
2939 2259 4923
2927 185 4924
2870 33 4925
2842 97 4926
1362 2840 4927
2815 1679 4928
2775 47 4929
4928 1595 4930
81 2660 4931
2630 13 4932
7 98 4933
28 19 4934
2566 121 4935
363 2542 4936
2527 549 4937
2421 47 4938
723 2349 4939
2341 45 4940
68 2219 4941
2066 1980 4942
2036 167 4943
1955 1454 4944
1931 142 4945
4944 985 4946
159 1812 4947
1746 36 4948
1682 96 4949
1673 47 4950
307 1661 4951
1604 45 4952
32 77 4953
1585 21 4954
32 1442 4955
1389 45 4956
1286 21 4957
1150 1035 4958
1131 28 4959
343 1115 4960
338 1083 4961
1068 774 4962
1048 21 4963
1045 47 4964
675 882 4965
880 47 4966
824 55 4967
24 142 4968
508 741 4969
575 728 4970
652 12 4971
635 106 4972
612 5 4973
565 6 4974
559 147 4975
547 7 4976
529 170 4977
62 510 4978
19 482 4979
475 49 4980
475 44 4981
440 180 4982
345 361 4983
102 357 4984
327 181 4985
318 6 4986
34 312 4987
305 232 4988
228 14 4989
179 67 4990
105 119 4991
48 87 4992
34 17 4993
54 19 4994
67 79 4995
81 21 4996
105 36 4997
24 144 4998
159 141 4999
1 0 2 3
